#FIG 3.2  Produced by xfig version 3.2.5-alpha5
Landscape
Center
Metric
A4      
100.00
Single
-2
1200 2
6 4455 1845 5400 2340
2 2 0 1 0 7 50 0 -1 0.000 0 0 -1 0 0 5
	 4455 1845 5400 1845 5400 2340 4455 2340 4455 1845
4 0 0 50 0 0 12 0.0000 4 180 900 4545 2070 Integration\001
4 0 0 50 0 0 12 0.0000 4 135 675 4545 2280 Daemon\001
-6
6 3150 1980 3780 2295
2 2 0 1 0 7 50 0 -1 0.000 0 0 -1 0 0 5
	 3150 1980 3780 1980 3780 2295 3150 2295 3150 1980
4 0 0 50 0 0 12 0.0000 4 135 390 3285 2205 Glue\001
-6
6 6300 1980 7245 2340
4 0 0 50 -1 0 12 0.0000 4 135 960 6300 2340 Tracker API\001
4 0 0 50 0 0 12 0.0000 4 180 1215 6300 2115 native Request\001
-6
6 6300 2700 7380 3105
4 0 0 50 -1 0 12 0.0000 4 180 1095 6300 3060 OLE package\001
4 0 0 50 0 0 12 0.0000 4 135 1050 6300 2835 Test Director\001
-6
6 7425 1620 8325 1980
2 2 0 1 0 7 50 0 -1 0.000 0 0 -1 0 0 5
	 7425 1620 8325 1620 8325 1980 7425 1980 7425 1620
4 0 0 50 0 2 14 0.0000 4 150 705 7507 1890 Mantis\001
-6
6 6345 1305 7245 1665
6 6345 1305 6840 1440
6 6345 1305 6840 1440
4 0 0 50 0 0 12 0.0000 4 135 315 6345 1440 Perl\001
-6
-6
4 0 0 50 0 0 12 0.0000 4 135 915 6345 1650 Mantis API\001
-6
6 7425 1035 8415 1395
2 2 0 1 0 7 50 0 -1 0.000 0 0 -1 0 0 5
	 7425 1035 8415 1035 8415 1395 7425 1395 7425 1035
4 0 0 50 0 2 15 0.0000 4 225 855 7515 1305 Bugzilla\001
-6
6 6300 405 7290 1035
4 0 0 50 0 0 12 0.0000 4 180 1110 6300 540 Bugzilla API:\001
4 0 0 50 0 0 12 0.0000 4 180 810 6300 750 globals.pl\001
4 0 0 50 0 0 12 0.0000 4 180 630 6300 960 CGI.pm\001
-6
6 1170 1710 5220 2070
4 0 0 50 -1 0 12 0.0000 4 165 4095 1170 1845 @DEVEL_CONFIG_GITHOOK_COMMITMSG@\001
4 0 0 50 -1 0 12 0.0000 4 135 420 1170 2070 hook\001
-6
6 540 1170 1125 1530
2 2 0 1 0 7 50 0 -1 0.000 0 0 -1 0 0 5
	 540 1170 1125 1170 1125 1530 540 1530 540 1170
4 0 0 50 0 2 14 0.0000 4 150 495 621 1409 CVS\001
-6
6 1170 675 2160 1305
4 0 0 50 0 0 12 0.0000 4 165 3795 1170 810 @DEVEL_CONFIG_CVSHOOK_LOGINFO@,\001
4 0 0 50 0 0 12 0.0000 4 165 4080 1170 1020 @DEVEL_CONFIG_CVSHOOK_VERIFYMSG@,\001
4 0 0 50 0 0 12 0.0000 4 165 4290 1170 1230 @DEVEL_CONFIG_CVSHOOK_TAGINFO@ hooks\001
-6
6 -90 2790 1125 3195
2 2 0 1 0 7 50 0 -1 0.000 0 0 -1 0 0 5
	 1125 2790 -90 2790 -90 3195 1125 3195 1125 2790
4 0 0 50 0 2 15 0.0000 4 165 1155 0 3060 Subversion\001
-6
6 1170 2385 5355 2970
4 0 0 50 0 0 12 0.0000 4 165 4140 1170 2520 @DEVEL_CONFIG_SVNHOOK_PRECOMMIT@,\001
4 0 0 50 0 0 12 0.0000 4 165 4200 1170 2730 @DEVEL_CONFIG_SVNHOOK_POSTCOMMIT@\001
4 0 0 50 -1 0 12 0.0000 4 135 495 1170 2955 hooks\001
-6
6 630 1980 1125 2340
2 2 0 1 0 7 50 0 -1 0.000 0 0 -1 0 0 5
	 630 1980 1125 1980 1125 2340 630 2340 630 1980
4 0 0 50 0 2 14 0.0000 4 150 330 711 2219 Git\001
-6
6 7425 2925 8910 3285
6 7425 2925 8910 3285
2 2 0 1 0 7 50 0 -1 0.000 0 0 7 0 0 5
	 7425 2925 8910 2925 8910 3285 7425 3285 7425 2925
-6
4 0 0 50 0 2 12 0.0000 4 135 1125 7507 3195 Test Director\001
-6
6 7425 2295 9000 2655
6 7425 2295 9000 2655
2 2 0 1 0 7 50 0 -1 0.000 0 0 7 0 0 5
	 7425 2295 9000 2295 9000 2655 7425 2655 7425 2295
-6
4 0 0 50 0 2 12 0.0000 4 180 1410 7507 2565 Request Tracker\001
-6
2 1 0 1 0 7 50 0 -1 0.000 0 0 -1 1 1 2
	1 1 2.00 60.00 120.00
	1 1 2.00 60.00 120.00
	 3780 2115 4455 2115
2 4 0 1 0 7 50 0 -1 0.000 0 0 7 0 0 5
	 5490 2565 5490 1485 3060 1485 3060 2565 5490 2565
2 1 0 1 0 7 50 0 -1 0.000 0 0 -1 1 1 2
	1 1 2.00 60.00 120.00
	1 1 2.00 60.00 120.00
	 2250 2160 3150 2160
2 1 0 1 0 7 50 0 -1 0.000 0 0 -1 1 1 2
	1 1 2.00 60.00 120.00
	1 1 2.00 60.00 120.00
	 5400 2115 6210 2115
2 1 0 1 0 7 50 0 -1 0.000 0 0 -1 1 1 2
	1 1 2.00 60.00 120.00
	1 1 2.00 60.00 120.00
	 6210 2115 6210 3060
2 1 0 1 0 7 50 0 -1 0.000 0 0 -1 1 1 2
	1 1 2.00 60.00 120.00
	1 1 2.00 60.00 120.00
	 6210 2430 7335 2430
2 1 0 1 0 7 50 0 -1 0.000 0 0 -1 1 1 2
	1 1 2.00 60.00 120.00
	1 1 2.00 60.00 120.00
	 6210 3105 7335 3105
2 1 0 1 0 7 50 0 -1 0.000 0 0 -1 1 1 2
	1 1 2.00 60.00 120.00
	1 1 2.00 60.00 120.00
	 6211 2072 6210 1170
2 1 0 1 0 7 50 0 -1 0.000 0 0 -1 1 1 2
	1 1 2.00 60.00 120.00
	1 1 2.00 60.00 120.00
	 6210 1800 7335 1800
2 1 0 1 0 7 50 0 -1 0.000 0 0 -1 1 1 2
	1 1 2.00 60.00 120.00
	1 1 2.00 60.00 120.00
	 6210 1170 7290 1170
2 1 0 1 0 7 50 0 -1 0.000 0 0 -1 1 1 2
	1 1 2.00 60.00 120.00
	1 1 2.00 60.00 120.00
	 2250 2205 2250 3015
2 1 0 1 0 7 50 0 -1 0.000 0 0 -1 1 0 2
	1 1 2.00 60.00 120.00
	 1125 2160 2250 2160
2 1 0 1 0 7 50 0 -1 0.000 0 0 -1 1 1 2
	1 1 2.00 60.00 120.00
	1 1 2.00 60.00 120.00
	 2250 1350 2250 2160
2 1 0 1 0 7 50 0 -1 0.000 0 0 -1 1 0 2
	1 1 2.00 60.00 120.00
	 1125 1350 2250 1350
2 1 0 1 0 7 50 0 -1 0.000 0 0 -1 1 0 2
	1 1 2.00 60.00 120.00
	 1125 3015 2250 3015
4 0 0 50 0 0 12 0.0000 4 135 360 4095 2385 TCP\001
4 0 0 50 0 0 12 0.0000 4 180 3720 4095 2520 port @DEVEL_CONFIG_PORT_NUMBER@\001
4 0 0 50 0 0 12 0.0000 4 180 840 2295 2340 activity.pl\001
4 0 0 50 0 2 15 0.0000 4 225 3450 3780 1710 @DEVEL_PRODUCT_NAME@\001
